-2.428486e+00
2.748482e+00
1.179384e+00
-2.063178e+01
4.000499e-01
-3.160121e+00
-2.661253e+00
1.905080e+01
2.505259e+00
8.276498e+00
8.829779e+00
-7.160021e+00
2.249311e+00
-3.503861e+00
-7.196483e+00
1.997207e+01
-8.630174e-02
-6.938974e+00
5.058282e+00
-1.405917e+01
-3.829567e+00
8.815769e-01
-8.314566e+00
1.485994e+01
8.084570e-01
-1.542006e+01
1.022812e+01
-1.883059e+01
-3.329380e+00
6.967222e+00
2.025479e+00
9.771018e+00
6.013205e+00
-1.193804e+01
1.127441e+01
-8.250672e+00
-6.277287e+00
1.777323e+01
9.682419e+00
1.364915e+01
-6.300615e-01
-1.535877e+01
7.061174e+00
-6.712446e+00
-6.802587e-01
1.361193e+01
8.997535e+00
-5.414540e-01
-1.233514e+00
-2.082015e+01
1.466595e+01
-1.163349e+00
-9.543099e+00
1.258348e+01
9.204653e+00
-4.360051e+00
6.012613e+00
-7.471411e+00
4.611131e+00
5.813527e+00
-4.815522e+00
2.661135e+01
5.691205e+00
-4.123953e+00
9.233646e+00
-1.397413e+01
-6.149767e-01
8.013255e+00
-3.227740e+00
8.585903e+00
7.219415e+00
-2.202561e+01
7.186650e+00
-9.200028e+00
-7.113013e+00
1.042515e+01
3.189277e+00
1.194202e+01
3.403617e+00
-2.062464e+01
1.368679e+01
-8.502120e+00
-1.753994e+01
2.385386e+01
5.975171e+00
1.004270e+01
2.603815e+00
-7.158364e+00
-3.177926e+00
1.959472e+00
-7.397361e+00
1.347052e+01
9.179724e+00
-8.823531e+00
8.096551e+00
-2.161180e+01
-3.439455e+00
4.629592e+00
-9.616782e+00
1.254057e+01
8.969220e+00
-1.385762e+01
6.069393e+00
-1.073219e+01
1.532213e-03
1.007085e+01
-1.121297e+01
2.020292e+01
6.021836e+00
3.442737e-01
6.245177e+00
-9.955463e+00
-4.308804e+00
1.564569e+01
-8.213284e+00
-2.847341e+00
6.059090e+00
-2.657410e+01
8.064292e+00
-1.067078e+01
-8.995947e+00
9.604326e+00
2.413653e+00
-3.559763e+00
5.928023e+00
-1.128074e+01
-2.696844e-01
4.188528e+00
-3.349174e+00
2.016101e+01
5.480481e+00
3.292203e+00
9.313257e+00
-1.093101e+01
2.100752e+00
4.801672e+00
-1.360065e+01
2.205425e+01
2.280756e+00
-1.058489e+01
1.360552e+01
-1.479282e+01
-4.480772e+00
6.574483e+00
-1.776156e+00
7.886597e+00
3.483810e+00
-1.869715e+01
1.428725e+01
-1.758644e+01
-7.980864e+00
1.788171e+01
1.828036e+00
1.539191e+01
2.689794e+00
-6.008993e+00
5.724205e+00
-6.386229e+00
9.288952e-01
2.216196e+01
2.330240e+00
4.853275e+00
5.666851e-02
-1.949772e+01
1.479229e+01
-7.977952e-01
-8.733175e+00
1.322241e+01
4.678829e+00
-9.838383e+00
1.302323e+00
-1.795177e+01
5.133467e+00
7.991504e+00
-2.588142e+00
1.640180e+01
3.338658e+00
-5.693241e+00
6.014671e+00
-1.525607e+01
-6.581567e-01
1.746841e+01
1.488985e+00
1.975464e+01
5.733122e+00
-1.055897e+01
3.484408e+00
-4.226703e+00
-9.779139e+00
7.868796e+00
8.379659e+00
-3.146339e-01
2.727718e+00
-2.671609e+01
1.010274e+01
-1.155008e+01
-1.710795e+01
1.690350e+01
7.741018e+00
-4.584812e+00
-3.899269e-01
-1.187463e+01
6.272352e+00
-4.833720e+00
-1.217858e+01
2.227588e+01
1.318180e+01
4.650330e-01
5.542138e+00
-1.319044e+01
6.884175e+00
3.781038e+00
-7.129461e+00
1.842659e+01
3.810498e+00
-1.304417e+01
7.849869e+00
-2.338259e+01
2.233445e+00
7.248802e+00
-2.939616e+00
1.734997e+01
3.484760e+00
-1.617399e+01
7.240124e+00
-1.358120e+01
-2.800831e+00
1.722024e+01
-8.349723e+00
1.623268e+01
8.001659e+00
-9.165219e+00
9.873077e+00
-1.302200e+01
-1.191310e+01
1.543159e+01
5.103293e+00
-3.077857e+00
8.056313e+00
-2.327132e+01
-5.636170e+00
8.404893e-01
-8.323033e+00
1.142415e+01
4.205556e+00
-1.422865e+00
5.718224e+00
-1.151722e+01
-4.697666e+00
6.428290e+00
-1.286376e+01
2.225999e+01
6.061783e+00
-1.922637e+00
3.152910e+00
-1.277790e+01
5.583246e+00
8.370161e+00
-6.519200e+00
1.599187e+01
5.394512e+00
-1.513429e+01
1.136153e+01
-9.789982e+00
-2.154955e+00
1.167574e+01
-4.411422e+00
4.430287e+00
1.332213e+00
-2.002454e+01
1.171843e+01
-1.291918e+01
-6.160304e-01
1.297367e+01
-5.163542e+00
6.530376e+00
1.661491e+00
2.192131e-01
2.068402e+00
-5.631657e+00
-5.205983e+00
1.998831e+01
-1.159992e+00
-2.711421e+00
2.311096e+00
-1.766298e+01
-6.216597e+00
9.521253e-01
-8.406839e+00
1.271557e+01
1.041426e+00
-1.364767e+01
5.450329e+00
-1.742063e+01
-3.243628e+00
1.020950e+01
-4.153482e+00
1.497279e+01
1.114786e+00
-9.513505e+00
1.193126e+01
-1.081089e+01
-5.994837e+00
1.530183e+01
7.219002e+00
1.368102e+01
-1.771078e-01
-1.552535e+01
1.195946e+01
-9.542764e+00
-7.717910e+00
1.494845e+01
7.380804e+00
1.119336e+00
-2.017114e+00
-2.675635e+01
1.014858e+01
-9.518997e-01
-6.986942e+00
1.813954e+01
8.294891e+00
-3.027565e+00
8.073948e+00
-1.007976e+01
8.598348e+00
6.334936e+00
-7.710762e+00
3.100094e+01
5.266422e+00
-3.721126e+00
8.818907e+00
-1.112574e+01
1.276618e+00
6.463741e+00
-8.057847e+00
9.407360e+00
2.550290e+00
-2.038286e+01
3.379987e+00
-1.855933e+01
-5.062522e+00
1.019084e+01
-8.536109e-01
8.623283e+00
4.974960e+00
-1.290463e+01
1.268823e+01
-8.122196e+00
-1.339793e+01
2.444522e+01
1.634987e+01
1.016515e+01
4.639684e+00
-1.176989e+01
1.509811e+00
2.681073e+00
-9.005624e+00
1.275835e+01
5.121199e+00
-9.408408e+00
1.300342e+01
-2.168169e+01
1.903291e-01
1.016458e+00
-6.260581e+00
1.356358e+01
4.831697e+00
-1.080157e+01
8.050733e+00
-1.415157e+01
1.221621e+00
6.494814e+00
-9.315292e+00
2.435802e+01
6.580565e+00
-4.508188e+00
5.617959e+00
-8.576613e+00
-6.716808e+00
1.588766e+01
-9.684988e+00
1.049735e+01
6.312416e+00
-2.700837e+01
5.806693e+00
-1.684177e+01
-7.891881e+00
1.018066e+01
3.625853e-01
6.026073e-01
7.978871e+00
-1.434599e+01
2.044313e+00
3.586634e+00
-3.867836e+00
2.050339e+01
-2.917195e+00
-1.313908e+00
5.749642e+00
-1.002757e+01
-1.442451e+00
5.288944e+00
-1.338805e+01
2.138126e+01
2.346383e+00
-1.026722e+01
1.164918e+01
-1.509201e+01
-7.623499e-01
2.417508e+00
-8.313734e+00
8.569188e+00
6.951677e+00
-1.483633e+01
1.752119e+01
-1.738454e+01
-4.515790e+00
9.831397e+00
4.081338e+00
1.377314e+01
3.109178e+00
-3.615090e+00
6.306010e+00
-2.448070e+00
-3.387139e+00
1.953145e+01
2.084827e+00
1.139892e+01
-5.097788e-02
-2.164673e+01
1.487574e+01
-3.403045e+00
-9.648681e+00
1.114335e+01
3.504976e+00
-3.772756e+00
-9.539173e-01
-1.625655e+01
3.164029e+00
3.742340e+00
-1.587762e+00
1.181746e+01
4.123835e-01
-6.716466e+00
7.197780e+00
-1.836584e+01
-1.569339e+00
1.389561e+01
-2.436460e+00
2.337699e+01
4.271981e+00
-1.000330e+01
3.027313e+00
-5.240670e+00
-6.691300e+00
1.111994e+01
3.334769e+00
9.037132e+00
8.590381e+00
-2.885200e+01
1.194428e+01
-5.789648e+00
-8.220329e+00
8.891685e+00
1.141486e+01
-3.268882e+00
3.157331e+00
-1.122948e+01
8.816078e-03
-3.593305e+00
-7.482869e+00
1.871866e+01
1.178425e+01
1.006986e+00
8.015782e-01
-1.160320e+01
5.450737e+00
2.235151e+00
-1.029520e+01
9.274531e+00
6.619363e+00
-1.255751e+01
1.082185e+01
-1.636636e+01
1.226054e+01
4.619130e+00
-1.019721e+01
1.180755e+01
1.671541e+00
-1.153452e+01
5.998059e+00
-7.945573e+00
-3.341776e-01
1.468941e+01
-1.891044e+00
2.213641e+01
8.907130e+00
-9.223105e+00
1.100289e+01
-6.651063e+00
-1.409305e+01
1.343507e+01
3.808536e+00
-8.688861e+00
7.904392e+00
-2.497836e+01
-1.663621e-01
-4.328536e+00
-1.238978e+01
8.308703e+00
3.546364e-01
-1.269867e-01
1.358369e+01
-2.240615e+01
-1.266298e+00
8.336057e+00
-1.074075e+01
2.336612e+01
4.831495e+00
-1.703023e+00
3.175911e+00
-1.237966e+01
7.802542e-01
2.002420e+01
-7.488525e+00
2.042890e+01
5.740962e+00
-1.417225e+01
8.532513e+00
-8.710685e+00
-7.521539e+00
9.618595e+00
-4.751601e+00
-5.852637e-01
6.278221e+00
-1.724033e+01
-1.780227e-01
1.293350e+00
-4.935417e+00
1.463562e+01
-1.007809e+01
1.142364e+01
6.244720e+00
-4.683928e+00
2.686201e+00
-4.024828e+00
-1.067212e+01
2.223756e+01
3.372393e+00
-6.295205e+00
2.988226e+00
-1.522649e+01
-8.030247e+00
7.634744e+00
-6.433770e+00
1.455408e+01
-1.436413e+00
-1.324713e+01
5.073761e+00
-1.793235e+01
3.233803e-01
1.392607e+01
-4.520617e+00
1.765459e+01
3.627162e+00
-8.039631e+00
1.502131e+01
-9.620793e+00
-5.706235e-01
1.575667e+01
3.917159e+00
1.200894e+01
7.132956e-01
-1.468559e+01
9.774177e+00
-1.342604e+01
-2.360965e+00
1.280036e+01
6.412027e+00
-6.715649e+00
2.363222e+00
-2.599156e+01
1.237991e+01
-4.739600e+00
-1.014946e+01
1.484706e+01
7.650122e+00
-1.225332e+00
1.154815e+01
-5.964927e+00
6.031495e+00
5.304082e+00
-5.511276e+00
2.562241e+01
2.533484e+00
-3.420580e+00
1.083434e+01
-1.721506e+01
6.828760e+00
5.498439e+00
-8.448709e+00
1.900067e+01
6.746011e+00
-1.881793e+01
-3.358337e+00
-1.439650e+01
-2.183188e+00
1.118095e+01
-4.449284e+00
1.086202e+01
1.071258e+01
-1.361500e+01
9.663412e+00
-9.677255e+00
-1.184444e+01
2.183122e+01
1.644293e+01
1.237128e+01
7.633066e+00
-6.078223e+00
3.021388e+00
-4.580135e+00
-8.860066e+00
1.243286e+01
7.814959e+00
-4.726393e+00
1.178597e+01
-2.141369e+01
1.366719e+00
3.278126e+00
-9.188329e+00
1.698424e+01
9.474909e+00
-1.288541e+01
9.900745e+00
-1.167913e+01
-3.545344e+00
2.228831e+00
-1.009444e+01
2.611378e+01
6.120023e+00
-4.052506e+00
5.573674e+00
-9.788100e+00
-7.110790e+00
1.636755e+01
-7.538661e+00
6.726372e+00
4.451252e+00
-2.684081e+01
2.782911e-01
-1.171223e+01
-6.245071e+00
1.327360e+01
-2.301643e+00
5.359684e+00
3.256488e+00
-1.489971e+01
5.513694e+00
-3.102148e+00
-1.005540e+01
1.668201e+01
-2.242600e+00
1.196594e+00
7.815626e+00
-9.347742e+00
-3.081989e+00
5.298567e+00
-1.253198e+01
1.958322e+01
2.799476e+00
-7.105612e+00
7.215890e+00
-1.633971e+01
-8.177506e+00
3.765086e+00
-6.596160e+00
1.494883e+01
5.337185e+00
-1.474686e+01
9.843048e+00
-1.590282e+01
-6.062340e+00
1.049620e+01
-3.764527e+00
1.381485e+01
8.206527e+00
-2.708633e+00
8.861112e+00
-6.076721e+00
-2.942104e+00
2.291207e+01
-8.489207e-01
9.872936e+00
1.196247e+00
-2.001815e+01
1.036805e+01
-7.304533e+00
-1.019636e+01
1.105811e+01
5.541087e+00
-7.497706e+00
5.421434e+00
-2.725739e+01
1.495478e+00
-2.348262e+00
-5.608112e+00
1.458411e+01
2.405935e+00
-6.773101e+00
9.839218e+00
-1.340546e+01
-7.884495e-01
1.123248e+01
-3.562006e+00
2.785013e+01
2.560599e+00
-7.292367e+00
6.688344e+00
-5.188613e+00
-2.901412e+00
9.344951e+00
3.137553e+00
1.065103e+01
6.549062e+00
-2.200360e+01
1.143236e+01
-1.056279e+01
-1.071729e+01
1.183040e+01
9.351163e+00
4.610263e-01
6.215044e+00
-9.706323e+00
1.602267e+00
-3.271148e+00
-1.104013e+01
1.907063e+01
8.452398e+00
6.400142e+00
2.768702e+00
-1.197270e+01
3.544785e+00
1.486819e+00
-7.079633e+00
9.577290e+00
5.546083e+00
-1.550509e+01
9.615265e-01
-2.525127e+01
9.351447e+00
3.623651e+00
-8.805113e+00
1.762248e+01
8.102088e+00
-1.133655e+01
8.372319e+00
-5.618168e+00
-1.361271e+00
1.502120e+01
-4.062165e+00
1.986256e+01
1.098798e+01
-7.245596e+00
7.459469e+00
-7.233198e+00
-1.107274e+01
1.235206e+01
6.427086e+00
-3.376323e+00
7.505241e+00
-2.798729e+01
1.439032e+00
-4.226075e+00
-1.314545e+01
8.943182e+00
3.332551e+00
-8.751764e+00
-5.294580e-01
-1.642324e+01
5.296489e+00
4.558062e+00
-1.100386e+01
2.105419e+01
2.732650e+00
1.424568e+00
-2.495159e-01
-1.473709e+01
-4.987118e-01
1.511191e+01
-4.401661e+00
2.199107e+01
4.312320e+00
-1.121492e+01
1.087029e+01
-4.666419e+00
5.155819e-01
1.299698e+01
-3.270656e+00
5.991916e+00
3.835203e+00
-1.725372e+01
4.895896e+00
-4.758573e+00
-1.093224e+00
1.575655e+01
-9.214097e+00
1.485983e+01
5.844757e+00
-1.724160e+00
5.201539e+00
-4.572177e+00
-1.217773e+01
2.412144e+01
-1.505900e+00
5.641409e-01
4.857255e+00
-1.455028e+01
-1.456738e+00
-3.575019e+00
-7.232222e+00
1.353285e+01
2.625990e+00
-1.386950e+01
3.422685e+00
-1.921932e+01
-5.136084e+00
1.535996e+01
-7.966716e+00
2.229394e+01
3.749095e+00
-7.522785e+00
1.600272e+01
-1.261167e+01
-8.735678e-01
1.669068e+01
2.362421e+00
1.449147e+01
-5.817938e-02
-1.351902e+01
1.531641e+01
-1.181197e+01
6.962500e-01
1.662248e+01
7.645321e+00
4.360790e+00
7.045681e+00
-2.725301e+01
9.635612e+00
-5.749886e+00
-1.150531e+01
1.226655e+01
6.667359e+00
-1.319907e+00
8.787380e+00
-5.287857e+00
6.378074e+00
7.354733e+00
-3.119155e+00
1.787029e+01
5.588862e+00
-2.301015e+00
9.577789e+00
-1.800387e+01
9.248418e+00
1.737642e+00
-5.582901e+00
1.883358e+01
5.487716e+00
-1.359444e+01
8.749531e+00
-1.465035e+01
-5.505160e-01
7.691133e+00
-6.090879e+00
1.155587e+01
6.534572e+00
-1.316837e+01
8.129916e+00
-9.256510e+00
-1.053447e+01
2.219588e+01
1.497132e+01
1.074002e+01
5.877891e+00
-7.823798e+00
-2.070584e+00
-8.091618e+00
-8.200335e+00
1.475267e+01
6.867543e+00
-4.259918e+00
4.989526e+00
-2.275702e+01
-1.940330e+00
2.057344e+00
-1.005202e+01
1.111509e+01
6.605836e+00
-1.307520e+01
3.648817e+00
-1.340843e+01
2.831280e-01
5.910763e+00
-1.231711e+01
2.610974e+01
6.314963e+00
-4.160454e+00
6.610686e+00
-1.091685e+01
-3.678854e+00
1.576214e+01
-5.374980e+00
7.729464e+00
7.588690e+00
-2.544098e+01
5.763465e+00
-5.936888e+00
-6.118797e+00
1.380064e+01
-2.145890e+00
-1.052189e-01
-4.781134e-01
-1.458282e+01
-4.819191e-01
-4.273528e+00
-6.804977e+00
1.653896e+01
-6.590402e-01
5.655959e+00
7.006270e+00
-1.017865e+01
1.339283e+00
-9.284645e-01
-1.164566e+01
1.753064e+01
3.227448e-01
-6.777600e+00
4.781573e+00
-1.752020e+01
-6.789746e+00
-1.755511e+00
-9.739506e+00
1.388202e+01
1.108598e+00
-1.646646e+01
1.529238e+01
-1.915004e+01
-5.438213e+00
1.083733e+01
2.183284e+00
1.611229e+01
2.966997e+00
-6.953963e+00
5.108945e+00
-7.109257e+00
-3.592867e+00
2.119179e+01
-4.713815e+00
1.427034e+01
1.429436e+00
-2.068503e+01
9.039140e+00
-7.206721e+00
-5.137114e+00
1.551320e+01
4.036912e+00
-4.940821e+00
8.431515e+00
-2.105555e+01
1.361887e+00
5.548530e+00
-7.261636e+00
1.867576e+01
4.672989e+00
-1.623289e+00
8.969293e+00
-1.425830e+01
-2.805094e+00
7.031631e+00
-4.838388e+00
2.784080e+01
5.761827e+00
-8.243518e+00
7.341510e+00
-7.825019e+00
-6.971313e+00
7.670259e+00
2.404875e+00
1.203243e+01
3.622941e+00
-2.170167e+01
8.143291e+00
-1.263471e+01
-7.590302e+00
1.474058e+01
1.041933e+01
6.382963e+00
6.836655e+00
-7.675572e+00
